1.0 10.0 5150.0
1.0 109.0 54673.0
1.0 208.0 103876.0
1.0 307.0 153693.0
1.0 406.0 203500.0
1.0 505.0 253000.0
1.0 604.0 302500.0
1.0 703.0 352000.0
1.0 802.0 401500.0
1.0 901.0 451000.0
1.0 1000.0 499500.0

1.9 10.0 4916.0
1.9 109.0 41794.0
1.9 208.0 67782.0
1.9 307.0 90367.0
1.9 406.0 114974.0
1.9 505.0 138018.0
1.9 604.0 162291.0
1.9 703.0 187037.0
1.9 802.0 209618.0
1.9 901.0 234632.0
1.9 1000.0 256512.0

2.8 10.0 4408.0
2.8 109.0 33451.0
2.8 208.0 57599.0
2.8 307.0 81631.0
2.8 406.0 105294.0
2.8 505.0 129377.0
2.8 604.0 153895.0
2.8 703.0 179329.0
2.8 802.0 203053.0
2.8 901.0 227552.0
2.8 1000.0 252553.0

3.6999999999999997 10.0 4187.0
3.6999999999999997 109.0 30924.0
3.6999999999999997 208.0 55541.0
3.6999999999999997 307.0 79645.0
3.6999999999999997 406.0 103422.0
3.6999999999999997 505.0 128562.0
3.6999999999999997 604.0 152230.0
3.6999999999999997 703.0 177446.0
3.6999999999999997 802.0 202098.0
3.6999999999999997 901.0 226435.0
3.6999999999999997 1000.0 251326.0

4.6 10.0 3791.0
4.6 109.0 29538.0
4.6 208.0 53875.0
4.6 307.0 78085.0
4.6 406.0 102798.0
4.6 505.0 127473.0
4.6 604.0 152211.0
4.6 703.0 176671.0
4.6 802.0 201405.0
4.6 901.0 226198.0
4.6 1000.0 250879.0

5.5 10.0 3576.0
5.5 109.0 28597.0
5.5 208.0 53099.0
5.5 307.0 77814.0
5.5 406.0 102361.0
5.5 505.0 127066.0
5.5 604.0 151880.0
5.5 703.0 176431.0
5.5 802.0 201234.0
5.5 901.0 225960.0
5.5 1000.0 250659.0

6.4 10.0 3300.0
6.4 109.0 28153.0
6.4 208.0 52756.0
6.4 307.0 77558.0
6.4 406.0 102188.0
6.4 505.0 126874.0
6.4 604.0 151637.0
6.4 703.0 176469.0
6.4 802.0 201129.0
6.4 901.0 225912.0
6.4 1000.0 250619.0

7.30000000000000 10.0 3143.0
7.30000000000000 109.0 27953.0
7.30000000000000 208.0 52666.0
7.30000000000000 307.0 77370.0
7.30000000000000 406.0 102137.0
7.30000000000000 505.0 126868.0
7.30000000000000 604.0 151589.0
7.30000000000000 703.0 176407.0
7.30000000000000 802.0 201065.0
7.30000000000000 901.0 225815.0
7.30000000000000 1000.0 250593.0

8.20000000000000 10.0 3046.0
8.20000000000000 109.0 27860.0
8.20000000000000 208.0 52548.0
8.20000000000000 307.0 77310.0
8.20000000000000 406.0 102045.0
8.20000000000000 505.0 126822.0
8.20000000000000 604.0 151549.0
8.20000000000000 703.0 176293.0
8.20000000000000 802.0 201040.0
8.20000000000000 901.0 225790.0
8.20000000000000 1000.0 250527.0

9.10000000000000 10.0 3001.0
9.10000000000000 109.0 27761.0
9.10000000000000 208.0 52523.0
9.10000000000000 307.0 77260.0
9.10000000000000 406.0 102034.0
9.10000000000000 505.0 126772.0
9.10000000000000 604.0 151511.0
9.10000000000000 703.0 176275.0
9.10000000000000 802.0 201017.0
9.10000000000000 901.0 225762.0
9.10000000000000 1000.0 250511.0

10.00000000000000 10.0 3001.0
10.00000000000000 109.0 27751.0
10.00000000000000 208.0 52501.0
10.00000000000000 307.0 77251.0
10.00000000000000 406.0 102001.0
10.00000000000000 505.0 126751.0
10.00000000000000 604.0 151501.0
10.00000000000000 703.0 176251.0
10.00000000000000 802.0 201001.0
10.00000000000000 901.0 225751.0
10.00000000000000 1000.0 250501.0

