1.0 10.0 5110.0
1.0 109.0 54629.4
1.0 208.0 104333.6
1.0 307.0 153877.2
1.0 406.0 203500.0
1.0 505.0 252899.0
1.0 604.0 302500.0
1.0 703.0 352000.0
1.0 802.0 401500.0
1.0 901.0 451000.0
1.0 1000.0 500500.0

1.9 10.0 4800.2
1.9 109.0 40497.0
1.9 208.0 66691.8
1.9 307.0 91039.4
1.9 406.0 114272.4
1.9 505.0 137544.2
1.9 604.0 162599.0
1.9 703.0 185395.8
1.9 802.0 209345.2
1.9 901.0 232881.4
1.9 1000.0 257045.4

2.8 10.0 4461.0
2.8 109.0 33732.6
2.8 208.0 57746.2
2.8 307.0 81310.8
2.8 406.0 105486.0
2.8 505.0 130040.4
2.8 604.0 154045.4
2.8 703.0 178783.8
2.8 802.0 203256.4
2.8 901.0 227660.8
2.8 1000.0 252512.8

3.6999999999999997 10.0 4141.0
3.6999999999999997 109.0 30827.6
3.6999999999999997 208.0 55075.6
3.6999999999999997 307.0 79096.4
3.6999999999999997 406.0 103516.8
3.6999999999999997 505.0 128097.0
3.6999999999999997 604.0 152564.0
3.6999999999999997 703.0 177243.4
3.6999999999999997 802.0 201903.8
3.6999999999999997 901.0 226584.4
3.6999999999999997 1000.0 251157.8

4.6 10.0 3813.4
4.6 109.0 29345.4
4.6 208.0 53717.8
4.6 307.0 78232.2
4.6 406.0 102835.0
4.6 505.0 127369.8
4.6 604.0 152025.6
4.6 703.0 176788.8
4.6 802.0 201388.2
4.6 901.0 226114.8
4.6 1000.0 250902.2

5.5 10.0 3547.4
5.5 109.0 28611.6
5.5 208.0 53090.6
5.5 307.0 77762.4
5.5 406.0 102451.0
5.5 505.0 127143.2
5.5 604.0 151778.0
5.5 703.0 176520.8
5.5 802.0 201287.0
5.5 901.0 226001.8
5.5 1000.0 250700.8

6.4 10.0 3325.4
6.4 109.0 28181.6
6.4 208.0 52851.0
6.4 307.0 77536.2
6.4 406.0 102217.0
6.4 505.0 126923.6
6.4 604.0 151668.6
6.4 703.0 176401.8
6.4 802.0 201145.8
6.4 901.0 225909.6
6.4 1000.0 250600.4

7.300000000000001 10.0 3143.6
7.300000000000001 109.0 27968.2
7.300000000000001 208.0 52669.6
7.300000000000001 307.0 77402.6
7.300000000000001 406.0 102134.8
7.300000000000001 505.0 126843.6
7.300000000000001 604.0 151621.6
7.300000000000001 703.0 176343.8
7.300000000000001 802.0 201075.4
7.300000000000001 901.0 225836.2
7.300000000000001 1000.0 250594.8

8.200000000000001 10.0 3046.0
8.200000000000001 109.0 27827.4
8.200000000000001 208.0 52556.8
8.200000000000001 307.0 77320.8
8.200000000000001 406.0 102065.0
8.200000000000001 505.0 126800.4
8.200000000000001 604.0 151542.8
8.200000000000001 703.0 176292.0
8.200000000000001 802.0 201037.6
8.200000000000001 901.0 225784.4
8.200000000000001 1000.0 250531.4

9.10000000000000 10.0 3001.0
9.10000000000000 109.0 27766.6
9.10000000000000 208.0 52530.2
9.10000000000000 307.0 77273.8
9.10000000000000 406.0 102017.8
9.10000000000000 505.0 126770.8
9.10000000000000 604.0 151515.6
9.10000000000000 703.0 176263.6
9.1000000000000 802.0 201017.2
9.1000000000000 901.0 225766.0
9.10000000000000 1000.0 250512.6

10.00000000000000 10.0 3001.0
10.00000000000000 109.0 27751.0
10.00000000000000 208.0 52501.0
10.00000000000000 307.0 77251.0
10.00000000000000 406.0 102001.0
10.00000000000000 505.0 126751.0
10.00000000000000 604.0 151501.0
10.00000000000000 703.0 176251.0
10.00000000000000 802.0 201001.0
10.00000000000000 901.0 225751.0
10.00000000000000 1000.0 250501.0

