1.0 10.0 100.0
1.0 109.0 100.0
1.0 208.0 100.0
1.0 307.0 100.0
1.0 406.0 100.0
1.0 505.0 100.0
1.0 604.0 100.0
1.0 703.0 100.0
1.0 802.0 100.0
1.0 901.0 100.0

1.9 1000.0 100.0
1.9 10.0 100.0
1.9 109.0 100.0
1.9 208.0 100.0
1.9 307.0 100.0
1.9 406.0 100.0
1.9 505.0 100.0
1.9 604.0 100.0
1.9 703.0 100.0
1.9 802.0 100.0

2.8 901.0 100.0
2.8 1000.0 100.0
2.8 10.0 100.0
2.8 109.0 100.0
2.8 208.0 100.0
2.8 307.0 100.0
2.8 406.0 100.0
2.8 505.0 100.0
2.8 604.0 100.0
2.8 703.0 100.0

3.6999999999999997 802.0 100.0
3.6999999999999997 901.0 100.0
3.6999999999999997 1000.0 100.0
3.6999999999999997 10.0 100.0
3.6999999999999997 109.0 100.0
3.6999999999999997 208.0 100.0
3.6999999999999997 307.0 100.0
3.6999999999999997 406.0 100.0
3.6999999999999997 505.0 100.0
3.6999999999999997 604.0 100.0

4.6 703.0 100.0
4.6 802.0 100.0
4.6 901.0 100.0
4.6 1000.0 100.0
4.6 10.0 100.0
4.6 109.0 100.0
4.6 208.0 100.0
4.6 307.0 100.0
4.6 406.0 100.0
4.6 505.0 100.0

5.5 604.0 100.0
5.5 703.0 100.0
5.5 802.0 100.0
5.5 901.0 100.0
5.5 1000.0 100.0
5.5 10.0 100.0
5.5 109.0 100.0
5.5 208.0 100.0
5.5 307.0 100.0
5.5 406.0 100.0

6.4 505.0 100.0
6.4 604.0 100.0
6.4 703.0 100.0
6.4 802.0 100.0
6.4 901.0 100.0
6.4 1000.0 100.0
6.4 10.0 100.0
6.4 109.0 100.0
6.4 208.0 100.0
6.4 307.0 100.0

7.300000000000001 406.0 100.0
7.300000000000001 505.0 100.0
7.300000000000001 604.0 100.0
7.300000000000001 703.0 100.0
7.300000000000001 802.0 100.0
7.300000000000001 901.0 100.0
7.300000000000001 1000.0 100.0
7.300000000000001 10.0 100.0
7.300000000000001 109.0 100.0
7.300000000000001 208.0 100.0

8.200000000000001 307.0 100.0
8.200000000000001 406.0 100.0
8.200000000000001 505.0 100.0
8.200000000000001 604.0 100.0
8.200000000000001 703.0 100.0
8.200000000000001 802.0 100.0
8.200000000000001 901.0 100.0
8.200000000000001 1000.0 100.0
8.200000000000001 10.0 100.0
8.200000000000001 109.0 100.0

9.100000000000001 208.0 100.0
9.100000000000001 307.0 100.0
9.100000000000001 406.0 100.0
9.100000000000001 505.0 100.0
9.100000000000001 604.0 100.0
9.100000000000001 703.0 100.0
9.100000000000001 802.0 100.0
9.100000000000001 901.0 100.0
9.100000000000001 1000.0 100.0
9.100000000000001 10.0 100.0

